30
10449
31
32
80724
84129
27034
28976
33
34
36
35
37
176
9744
23527
116983
38
39
64746
79777
91452
84320
414149
40
41
9311
55515
51802
390110
84680
65057
59272
125981
340485
55331
1636
43
22985
47
130013
57001
48
50
26027
134526
55856
641371
10965
122970
641372
11332
10005
23597
51
8309
8310
55289
52
53
54
51205
92370
55
93650
84519
93953
56
49
23205
81616
80221
197322
2180
2181
2182
51703
23305
116285
123876
348158
6296
341392
54988
84532
55902
79611
58
59
345651
60
70
71
72
86
51412
10881
10880
81569
284382
